0.6903663901506499
0.39724631619434814
0.981567591348119
1.440303606734625
-2.1821655347151285
1.6634746227264872
-17.061459668432295
-11.643117937671649
-7.5123551977848155
1.5993994875228226
-1.7938633528302517
10.27121376897617
-5.654254791791165
8.287983702790136
-1.0183113428093602
1.1543995306768577
-1.7887057497313075
14.218191427124143
-15.637188375837855
-4.451867563962865
-1.362057779426328
0.3338461180673636
1.8092001195728864
-0.42776541142543506
-3.782248827237445
-0.016472465365052712
1.0310565735396804
0.14221579869930417
-1.132653783125024
-4.61780076701256
0.04222912108676913
-1.9182235759456954
0.5650703247755625
1.3809316347145588
-3.4190629729912057
0.22785984806243811
0.5916085672520629
-1.6933078037625973
-1.9025908459338507
-3.6305184172117184
0.1704494395320603
-0.1138164339306797
0.4416035698755961
-1.0547263833181173
-3.1923436929196973
0.37409371152144016
0.9935959621612049
-0.5690848371196637
1.0492234896077515
-3.4957921904788836